2. (65 балів) папка SUMSUB, файл SUMSUB.CPP
Максимальна сума підмасивів. Нехай дано масив C[N] чисел; задача полягає в тому, щоб обчислити максимальну суму підмасивів, тобто найбільшу можливу суму послідовних елементів. У масиві зустрічаються елементи з від'ємними значеннями з відрізку [-9; 9].


https://drive.google.com/file/d/1lo5HmwW4Vr3KzS0bcxix7ZU0zvQg8X3x/view?usp=sharing


 N=19.  Отже таблиця C[19]:

 -8 -2 -5  6 -5  0  9  4  2  3 -7  6 -1  0  9 -7  0  9  7

         -8 = -8
         -8 -2 = -10
         -8 -2 -5 = -15
         -8 -2 -5  6 = -9
         -8 -2 -5  6 -5 = -14
         -8 -2 -5  6 -5  0 = -14
         -8 -2 -5  6 -5  0  9 = -5
         -8 -2 -5  6 -5  0  9  4 = -1
         -8 -2 -5  6 -5  0  9  4  2 = 1
         -8 -2 -5  6 -5  0  9  4  2  3 = 4
         -8 -2 -5  6 -5  0  9  4  2  3 -7 = -3
         -8 -2 -5  6 -5  0  9  4  2  3 -7  6 = 3
         -8 -2 -5  6 -5  0  9  4  2  3 -7  6 -1 = 2
         -8 -2 -5  6 -5  0  9  4  2  3 -7  6 -1  0 = 2
         -8 -2 -5  6 -5  0  9  4  2  3 -7  6 -1  0  9 = 11
         -8 -2 -5  6 -5  0  9  4  2  3 -7  6 -1  0  9 -7 = 4
         -8 -2 -5  6 -5  0  9  4  2  3 -7  6 -1  0  9 -7  0 = 4
         -8 -2 -5  6 -5  0  9  4  2  3 -7  6 -1  0  9 -7  0  9 = 13
         -8 -2 -5  6 -5  0  9  4  2  3 -7  6 -1  0  9 -7  0  9  7 = 20
         -2 = -2
         -2 -5 = -7
         -2 -5  6 = -1
         -2 -5  6 -5 = -6
         -2 -5  6 -5  0 = -6
         -2 -5  6 -5  0  9 = 3
         -2 -5  6 -5  0  9  4 = 7
         -2 -5  6 -5  0  9  4  2 = 9
         -2 -5  6 -5  0  9  4  2  3 = 12
         -2 -5  6 -5  0  9  4  2  3 -7 = 5
         -2 -5  6 -5  0  9  4  2  3 -7  6 = 11
         -2 -5  6 -5  0  9  4  2  3 -7  6 -1 = 10
         -2 -5  6 -5  0  9  4  2  3 -7  6 -1  0 = 10
         -2 -5  6 -5  0  9  4  2  3 -7  6 -1  0  9 = 19
         -2 -5  6 -5  0  9  4  2  3 -7  6 -1  0  9 -7 = 12
         -2 -5  6 -5  0  9  4  2  3 -7  6 -1  0  9 -7  0 = 12
         -2 -5  6 -5  0  9  4  2  3 -7  6 -1  0  9 -7  0  9 = 21
         -2 -5  6 -5  0  9  4  2  3 -7  6 -1  0  9 -7  0  9  7 = 28
         -5 = -5
         -5  6 = 1
         -5  6 -5 = -4
         -5  6 -5  0 = -4
         -5  6 -5  0  9 = 5
         -5  6 -5  0  9  4 = 9
         -5  6 -5  0  9  4  2 = 11
         -5  6 -5  0  9  4  2  3 = 14
         -5  6 -5  0  9  4  2  3 -7 = 7
         -5  6 -5  0  9  4  2  3 -7  6 = 13
         -5  6 -5  0  9  4  2  3 -7  6 -1 = 12
         -5  6 -5  0  9  4  2  3 -7  6 -1  0 = 12
         -5  6 -5  0  9  4  2  3 -7  6 -1  0  9 = 21
         -5  6 -5  0  9  4  2  3 -7  6 -1  0  9 -7 = 14
         -5  6 -5  0  9  4  2  3 -7  6 -1  0  9 -7  0 = 14
         -5  6 -5  0  9  4  2  3 -7  6 -1  0  9 -7  0  9 = 23
         -5  6 -5  0  9  4  2  3 -7  6 -1  0  9 -7  0  9  7 = 30
          6 = 6
          6 -5 = 1
          6 -5  0 = 1
          6 -5  0  9 = 10
          6 -5  0  9  4 = 14
          6 -5  0  9  4  2 = 16
          6 -5  0  9  4  2  3 = 19
          6 -5  0  9  4  2  3 -7 = 12
          6 -5  0  9  4  2  3 -7  6 = 18
          6 -5  0  9  4  2  3 -7  6 -1 = 17
          6 -5  0  9  4  2  3 -7  6 -1  0 = 17
          6 -5  0  9  4  2  3 -7  6 -1  0  9 = 26
          6 -5  0  9  4  2  3 -7  6 -1  0  9 -7 = 19
          6 -5  0  9  4  2  3 -7  6 -1  0  9 -7  0 = 19
          6 -5  0  9  4  2  3 -7  6 -1  0  9 -7  0  9 = 28
          6 -5  0  9  4  2  3 -7  6 -1  0  9 -7  0  9  7 = 35
         -5 = -5
         -5  0 = -5
         -5  0  9 = 4
         -5  0  9  4 = 8
         -5  0  9  4  2 = 10
         -5  0  9  4  2  3 = 13
         -5  0  9  4  2  3 -7 = 6
         -5  0  9  4  2  3 -7  6 = 12
         -5  0  9  4  2  3 -7  6 -1 = 11
         -5  0  9  4  2  3 -7  6 -1  0 = 11
         -5  0  9  4  2  3 -7  6 -1  0  9 = 20
         -5  0  9  4  2  3 -7  6 -1  0  9 -7 = 13
         -5  0  9  4  2  3 -7  6 -1  0  9 -7  0 = 13
         -5  0  9  4  2  3 -7  6 -1  0  9 -7  0  9 = 22
         -5  0  9  4  2  3 -7  6 -1  0  9 -7  0  9  7 = 29
          0 = 0
          0  9 = 9
          0  9  4 = 13
          0  9  4  2 = 15
          0  9  4  2  3 = 18
          0  9  4  2  3 -7 = 11
          0  9  4  2  3 -7  6 = 17
          0  9  4  2  3 -7  6 -1 = 16
          0  9  4  2  3 -7  6 -1  0 = 16
          0  9  4  2  3 -7  6 -1  0  9 = 25
          0  9  4  2  3 -7  6 -1  0  9 -7 = 18
          0  9  4  2  3 -7  6 -1  0  9 -7  0 = 18
          0  9  4  2  3 -7  6 -1  0  9 -7  0  9 = 27
          0  9  4  2  3 -7  6 -1  0  9 -7  0  9  7 = 34
          9 = 9
          9  4 = 13
          9  4  2 = 15
          9  4  2  3 = 18
          9  4  2  3 -7 = 11
          9  4  2  3 -7  6 = 17
          9  4  2  3 -7  6 -1 = 16
          9  4  2  3 -7  6 -1  0 = 16
          9  4  2  3 -7  6 -1  0  9 = 25
          9  4  2  3 -7  6 -1  0  9 -7 = 18
          9  4  2  3 -7  6 -1  0  9 -7  0 = 18
          9  4  2  3 -7  6 -1  0  9 -7  0  9 = 27
          9  4  2  3 -7  6 -1  0  9 -7  0  9  7 = 34
          4 = 4
          4  2 = 6
          4  2  3 = 9
          4  2  3 -7 = 2
          4  2  3 -7  6 = 8
          4  2  3 -7  6 -1 = 7
          4  2  3 -7  6 -1  0 = 7
          4  2  3 -7  6 -1  0  9 = 16
          4  2  3 -7  6 -1  0  9 -7 = 9
          4  2  3 -7  6 -1  0  9 -7  0 = 9
          4  2  3 -7  6 -1  0  9 -7  0  9 = 18
          4  2  3 -7  6 -1  0  9 -7  0  9  7 = 25
          2 = 2
          2  3 = 5
          2  3 -7 = -2
          2  3 -7  6 = 4
          2  3 -7  6 -1 = 3
          2  3 -7  6 -1  0 = 3
          2  3 -7  6 -1  0  9 = 12
          2  3 -7  6 -1  0  9 -7 = 5
          2  3 -7  6 -1  0  9 -7  0 = 5
          2  3 -7  6 -1  0  9 -7  0  9 = 14
          2  3 -7  6 -1  0  9 -7  0  9  7 = 21
          3 = 3
          3 -7 = -4
          3 -7  6 = 2
          3 -7  6 -1 = 1
          3 -7  6 -1  0 = 1
          3 -7  6 -1  0  9 = 10
          3 -7  6 -1  0  9 -7 = 3
          3 -7  6 -1  0  9 -7  0 = 3
          3 -7  6 -1  0  9 -7  0  9 = 12
          3 -7  6 -1  0  9 -7  0  9  7 = 19
         -7 = -7
         -7  6 = -1
         -7  6 -1 = -2
         -7  6 -1  0 = -2
         -7  6 -1  0  9 = 7
         -7  6 -1  0  9 -7 = 0
         -7  6 -1  0  9 -7  0 = 0
         -7  6 -1  0  9 -7  0  9 = 9
         -7  6 -1  0  9 -7  0  9  7 = 16
          6 = 6
          6 -1 = 5
          6 -1  0 = 5
          6 -1  0  9 = 14
          6 -1  0  9 -7 = 7
          6 -1  0  9 -7  0 = 7
          6 -1  0  9 -7  0  9 = 16
          6 -1  0  9 -7  0  9  7 = 23
         -1 = -1
         -1  0 = -1
         -1  0  9 = 8
         -1  0  9 -7 = 1
         -1  0  9 -7  0 = 1
         -1  0  9 -7  0  9 = 10
         -1  0  9 -7  0  9  7 = 17
          0 = 0
          0  9 = 9
          0  9 -7 = 2
          0  9 -7  0 = 2
          0  9 -7  0  9 = 11
          0  9 -7  0  9  7 = 18
          9 = 9
          9 -7 = 2
          9 -7  0 = 2
          9 -7  0  9 = 11
          9 -7  0  9  7 = 18
         -7 = -7
         -7  0 = -7
         -7  0  9 = 2
         -7  0  9  7 = 9
          0 = 0
          0  9 = 9
          0  9  7 = 16
          9 = 9
          9  7 = 16
          7 = 7


        Найкраща сума: 35

        Для продолжения нажмите любую клавишу . . .





