Тестування програми FindMaxSumStrokaMatrix2:

1) ========================================================

        Заповнення матрицi A[17][17] цiлими двозначними числами.

  -88  -35   52   72   82  -44   65  -94  -55   43   90   89   61  -35  -47   69  -44    1) summ= 181
   62   59  -61  -53  -45   23   60   64  -33  -67  -36  -28  -97   89   69  -75  -96    2) summ= -165
   82   29  -23   67  -16   99  -14   13   63   72   80  -80  -51   96  -27   39  -10    3) summ= 419
  -98  -56  -47   11  -22   47  -56  -40   46   48  -88   82   65   40   54   69  -39    4) summ= 16
   68   96   25  -31  -10   43  -91  -13  -38   40   20   77   52  -28   47   80  -21    5) summ= 316
   93   35  -19   10   46   67  -88   61  -71   19  -22   48   66   62   30  -75  -24    6) summ= 238
   36   28   83  -35  -41  -27  -12   72  -31   78   98   95  -96   90  -16   15  -17    7) summ= 320
  -13   32  -21  -14   23   94  -71   87   65  -87  -23   48   14   33   49   62   20    8) summ= 298
  -59   60  -71   69  -69   77  -96   27  -19  -82   22   22   20   88   58  -75  -94    9) summ= -122
  -79  -28  -53  -15  -58  -89  -31  -83  -58  -43   46   80   93  -80   38   57  -97   10) summ= -400
  -82  -16   81   83  -90   27  -73   27   74   66  -48   51  -12  -55  -48  -88  -86   11) summ= -189
   79  -54  -88   41   14  -48   83  -10  -38  -31  -11   94  -71  -85  -47   58  -83   12) summ= -197
  -94   43   19   99   91   35  -79   24   82  -76  -61  -69  -62  -50   41  -35   90   13) summ= -2
  -55   55   41   43   41   20   83   95  -95   92   18   46  -70   34   93   87  -81   14) summ= 447
  -72   20  -91  -29  -73  -74  -98   72  -63  -54  -87   86  -97  -30   31  -42  -25   15) summ= -626
  -51   15   63   57   22  -58  -16   15  -27   35   73   51   62  -71   30   28  -75   16) summ= 153
  -31   79   64   16  -29  -45  -13  -62  -64  -47   50  -49   97   47   82   78  -12   17) summ= 161


        Кiлькiсть додатних: 148
        Кiлькiсть вiд'ємних: 141

        Найбiльша сума у рядку пiд номером 14

        Продовжити (y/n)?

2) ========================================================


        Заповнення матрицi A[ 9][ 9] цiлими двозначними числами.

   36  -97   66   51  -16  -25   19   91   33    1) summ= 158
  -46   94   98   89  -19   99  -47   56   71    2) summ= 395
  -16  -91   37  -41  -15  -99   78   56   72    3) summ= -19
  -66  -57   15   50   21   47  -13   45  -62    4) summ= -20
  -57  -16   31  -32   96   50  -51   96   89    5) summ= 206
  -92  -58  -85  -53   87  -11   83   91   79    6) summ= 41
   68   14   14  -40  -83  -32   26  -54   37    7) summ= -50
   10  -42   83  -87   72  -95  -93   56  -80    8) summ= -176
   52  -33   41  -96  -21  -48  -43   82  -32    9) summ= -98


        Кiлькiсть додатних: 42
        Кiлькiсть вiд'ємних: 39

        Найбiльша сума у рядку пiд номером 2

        Продовжити (y/n)?


3) ========================================================



        Заповнення матрицi A[ 4][ 4] цiлими двозначними числами.

  -34   45  -28   90    1) summ= 73
   47   14   22   19    2) summ= 102
  -94   58  -75   75    3) summ= -36
  -18   40  -87   76    4) summ= 11


        Кiлькiсть додатних: 10
        Кiлькiсть вiд'ємних: 6

        Найбiльша сума у рядку пiд номером 2

        Продовжити (y/n)?



