
        Заповнення матрицi A[ 5][ 5] цiлими двозначними числами.

          -98  -19   95  -77   84
           35  -33  -10   44  -20
           76  -73   30   29  -30
          -58  -32  -49  -68  -10
           43   49  -84  -25   91

        Друкування матрицi A[ 5][ 5] 

           25   24   23   22   21
           16   17   18   19   20
           15   14   13   12   11
            6    7    8    9   10
            5    4    3    2    1


        Другий варiант заповнення матрицi:

            1    2    3    4    5
           10    9    8    7    6
           11   12   13   14   15
           20   19   18   17   16
           21   22   23   24   25


        Третiй варiант заповнення матрицi:

           25   24   23   22   21
           10    9    8    7   20
           11    2    1    6   19
           12    3    4    5   18
           13   14   15   16   17


        Четвертий варiант заповнення матрицi:

            1    2    3    4    5
           16   17   18   19    6
           15   24   25   20    7
           14   23   22   21    8
           13   12   11   10    9


        Продовжити (y/n)?