Результати тестування програми

1) -----------------------------------------------------------------
             Об'єднуємо впорядкованi матрицi в одну:

          16  17  17  20  28  30  51  57  82  90

          17  27  37  45  60  69  77  80  83  85

          16  17  17  17  20  27  28  30  37  45  51  57  60  69  77  80  82  83  85  90

        Для продолжения нажмите любую клавишу . . .

2) -----------------------------------------------------------------

      Об'єднуємо впорядкованi матрицi в одну:

          13  19  23  39  47  63  77  82  94  94

          32  40  49  53  54  57  60  67  75  90

          13  19  23  32  39  40  47  49  53  54  57  60  63  67  75  77  82  90  94  94

        Для продолжения нажмите любую клавишу . . .

3) -----------------------------------------------------------------

     Об'єднуємо впорядкованi матрицi в одну:

          10  23  33  55  59  61  73  80  83  84

          18  28  34  34  41  43  50  56  68  98

          10  18  23  28  33  34  34  41  43  50  55  56  59  61  68  73  80  83  84  98

        Для продолжения нажмите любую клавишу . . .


