Програмна перевірка статистичних обчислень
для довільної виборки з 30-ти чисел (for EXCEL)
-------------------------------------------------------------
перший варіант
7	3	4	7	7	7	5	3	5	7	7	6	4	5	7	6	4	6	4	3	4	5	3	6	6	4	5	4	5	3
-------------------------------------------------------------

Результати:

3	3	3	3	3	4	4	4	4	4	4	4	5	5	5	5	5	5	6	6	6	6	6	7	7	7	7	7	7	7

3	5	0,17
4	7	0,23
5	6	0,20
6	5	0,17
7	7	0,23

5	4;7	5	1,21	2,064367816	1,436790805	0,283577132

1,04888889	1,995555556	1,41264134

