Тестування програми FindMaxMinSummLineMatrix2:

1) ========================================================


        Заповнення матрицi A[17][17] цiлими двозначними числами.

  -46   42   86  -13  -14   85   31  -87   89   42   74   92   73   28  -38   21   65    1) summ= 530
  -77  -40  -27  -42   59  -60   18   89  -31  -61   65  -27  -86  -51   82  -78  -83    2) summ= -350
   71  -99   70  -79  -44   91   28  -86   93   89  -55  -48  -88   57   54  -46   62    3) summ= 70
   13  -98  -75   57  -18   63   26  -67  -80  -50   13  -63  -25   44  -29  -69   58    4) summ= -300
  -74  -30   34   28  -42  -33   88   92  -59   40  -39  -71   42   32   89   33  -53    5) summ= 77
   10   24   41   11  -51  -21  -47  -12   20  -79   37  -59   94  -76  -18   49  -97    6) summ= -174
  -53   49   33  -48   73  -77  -35  -31  -91   78  -68   45  -75   92   42   89   91    7) summ= 114
   24   42  -96  -52   81   26   43   30  -91  -37  -93  -10  -42   28   87  -16   14    8) summ= -62
  -49   29   84   99  -57   45   90   94  -33  -72  -71  -50  -73  -60  -58   53  -28    9) summ= -57
  -33  -55   12  -74   70   16   84  -42  -63  -89   57   81   75   44   49  -54   50   10) summ= 128
   81  -98   71   94   82  -40  -80   68  -21   31  -96  -16   27  -38   95   48   88   11) summ= 296
   47   77   97   37  -43   43  -56  -40   35   22  -82   57  -45  -27  -72   19   59   12) summ= 128
  -35  -71  -76   26   86  -14  -63  -67   28  -27   28   87  -59   25   95  -68  -57   13) summ= -162
   37   53  -11  -71  -21   16   24  -82  -22   95  -49  -21   81   10   75   94   17   14) summ= 225
   48   87  -24   89   16   18   50   94   29   78   22   52  -93  -23   15   58  -88   15) summ= 428
   93   53  -83   57  -23  -75  -28  -20   39   17   71  -18   41  -73   56  -84   32   16) summ= 55
  -85   32  -58  -40   67   52   62  -60   26  -37  -67  -24  -67   74   17   55   38   17) summ= -15


        Кiлькiсть додатних: 153

        Кiлькiсть вiд'ємних: 136

        Найбiльша сума у рядку пiд номером 1
        Найменша сума у рядку пiд номером 2

        Продовжити (y/n)?


2) ========================================================


        Заповнення матрицi A[ 9][ 9] цiлими двозначними числами.

   23  -77  -96  -28  -70   20   74   90  -36    1) summ= -100
   83  -74   60   66  -89   54  -80  -14   25    2) summ= 31
  -77   57   97  -53  -35  -89  -81   29  -47    3) summ= -199
  -81  -32   50  -19   45   97   15   81   37    4) summ= 193
   41   85  -83  -11   20   19   44   83  -46    5) summ= 152
  -30  -57   19   68   22   40  -13   28   15    6) summ= 92
  -67  -41   37  -67  -81   81   14   21  -24    7) summ= -127
   66   13   19   53  -28  -56  -47  -98   24    8) summ= -54
  -65  -91  -34   94  -46  -72   17  -97  -48    9) summ= -342


        Кiлькiсть додатних: 41

        Кiлькiсть вiд'ємних: 40

        Найбiльша сума у рядку пiд номером 4
        Найменша сума у рядку пiд номером 9

        Продовжити (y/n)?


3) ========================================================


        Заповнення матрицi A[ 4][ 4] цiлими двозначними числами.

   12  -14   34  -33    1) summ= -1
   36  -71  -89  -27    2) summ= -151
   53  -72   74  -89    3) summ= -34
   19  -14  -15   42    4) summ= 32


        Кiлькiсть додатних: 7

        Кiлькiсть вiд'ємних: 9

        Найбiльша сума у рядку пiд номером 4
        Найменша сума у рядку пiд номером 2

        Продовжити (y/n)?


