Практична робота. ТЕМА: Обробка даних в таблицях.
Заповнення таблиці з файлу який створено випадково.

-------------------------------- Результат роботи: ---------------

 Практична робота. ТЕМА: Обробка даних в таблицях.

        Файл data.txt створено

        Таблиця А[10[10], данi зчитано з файлу:

        27      26      79      96      72      30      76      5       80      33
        84      3       96      6       48      32      43      85      74      70
        33      54      30      39      83      54      25      40      41      30
        27      98      7       29      11      94      50      33      92      74
        43      69      21      21      58      84      16      70      80      4
        2       60      85      80      31      84      22      44      48      53
        53      50      79      32      94      71      25      56      10      82
        1       75      87      19      35      63      84      52      62      20
        29      39      12      3       90      30      33      21      3       54
        64      29      51      84      82      55      1       3       41      94


        Для продолжения нажмите любую клавишу . . .
